yolo11n 2 128 28 shapes, 11 classes: {'k1s1w20': 4, 'k1s1w40': 5, 'k1s1w160': 2, 'k1s1w80': 5, 'k3s1w80': 2, 'k3s1w160': 2, 'k3s1w40': 3, 'k3s2w20': 1, 'k3s2w40': 2, 'k3s2w160': 1, 'k3s2w80': 1}
  k1s1w20 2,2,16,4,1 -> [68.25, 68.18, 68.29, 69.29] (False, -0.4650000000000034)
  k1s1w20 2,2,64,1,1 -> [68.25, 68.43, 68.24, 68.67] (False, -0.3050000000000068)
  k1s1w20 2,2,16,8,1 -> [68.07, 68.08, 68.32, 68.65] (False, -0.1700000000000088)
  k1s1w20 2,2,8,8,1 -> [68.76, 67.81, 68.78, 68.49] (False, 0.6200000000000045)
  k1s1w20 2,2,16,4,0 -> [68.42, 68.2, 68.32, 68.05] (False, 0.24499999999999744)
  k1s1w20 2,2,8,8,0 -> [67.31, 68.63, 68.3, 68.6] (False, -0.8099999999999952)
  k1s1w20 1,2,32,2,1 -> [68.05, 68.44, 67.74, 67.82] (False, -0.23499999999999943)
  k1s1w20 4,2,32,2,1 -> [68.42, 68.4, 68.32, 68.87] (False, -0.2650000000000077)
  k1s1w20 8,2,32,2,1 -> [68.46, 68.91, 68.11, 69.42] (False, -0.8800000000000026)
  k1s1w20 2,1,32,2,1 -> [68.67, 68.37, 68.04, 69.1] (False, -0.37999999999999545)
  k1s1w20 2,4,32,2,1 -> [68.48, 68.37, 68.04, 68.5] (False, -0.17499999999999716)
== k1s1w20: best 2,2,32,2,1 gain 0.00 ms
  k1s1w40 2,2,16,4,1 -> [68.29, 67.91, 68.61, 68.29] (True, 0.3500000000000014)
  k1s1w40 2,2,64,1,1 -> [68.82, 68.86, 68.05, 68.47] (False, -0.23000000000000398)
  k1s1w40 2,2,16,8,1 -> [68.51, 68.3, 67.83, 68.45] (False, -0.2049999999999983)
  k1s1w40 2,2,8,8,1 -> [68.19, 69.35, 67.98, 68.65] (False, -0.9149999999999991)
  k1s1w40 2,2,16,4,0 -> [68.5, 68.83, 68.38, 68.84] (False, -0.3950000000000031)
  k1s1w40 2,2,8,8,0 -> [68.57, 69.19, 68.27, 68.65] (False, -0.5000000000000071)
  k1s1w40 1,2,16,4,1 -> [68.37, 68.14, 67.77, 68.72] (False, -0.35999999999999943)
  k1s1w40 4,2,16,4,1 -> [68.62, 69.37, 68.13, 68.99] (False, -0.8049999999999997)
  k1s1w40 8,2,16,4,1 -> [69.23, 69.46, 68.05, 69.47] (False, -0.8249999999999957)
  k1s1w40 2,1,16,4,1 -> [68.68, 67.81, 69.02, 68.33] (True, 0.7800000000000011)
  k1s1w40 2,4,16,4,1 -> [68.15, 69.06, 68.21, 69.61] (False, -1.1550000000000011)
== k1s1w40: best 2,1,16,4,1 gain 0.78 ms
  k1s1w160 2,2,16,4,1 -> [68.41, 67.66, 68.15, 68.7] (False, 0.10000000000000142)
  k1s1w160 2,2,64,1,1 -> [68.5, 68.35, 68.54, 68.57] (False, 0.06000000000000938)
  k1s1w160 2,2,16,8,1 -> [68.58, 68.52, 68.09, 68.23] (False, -0.03999999999999915)
  k1s1w160 2,2,8,8,1 -> [68.44, 68.36, 68.58, 68.47] (False, 0.09499999999999886)
  k1s1w160 2,2,16,4,0 -> [68.49, 70.74, 67.88, 70.11] (False, -2.240000000000002)
  k1s1w160 2,2,8,8,0 -> [68.47, 68.42, 67.85, 69.0] (False, -0.5500000000000043)
  k1s1w160 1,2,32,2,1 -> [68.12, 69.43, 68.51, 69.09] (False, -0.9450000000000003)
  k1s1w160 4,2,32,2,1 -> [68.43, 69.36, 67.45, 68.36] (False, -0.9199999999999946)
  k1s1w160 8,2,32,2,1 -> [68.29, 69.68, 68.23, 69.26] (False, -1.2100000000000009)
  k1s1w160 2,1,32,2,1 -> [68.42, 68.1, 68.96, 67.91] (True, 0.6850000000000023)
  k1s1w160 2,4,32,2,1 -> [68.25, 69.09, 68.26, 69.27] (False, -0.9249999999999972)
== k1s1w160: best 2,1,32,2,1 gain 0.69 ms
  k1s1w80 2,2,16,4,1 -> [68.18, 68.43, 67.02, 68.51] (False, -0.8700000000000045)
  k1s1w80 2,2,64,1,1 -> [68.28, 68.83, 68.17, 67.96] (False, -0.1699999999999946)
  k1s1w80 2,2,16,8,1 -> [67.92, 67.1, 66.81, 67.05] (False, 0.29000000000000625)
  k1s1w80 2,2,8,8,1 -> [65.71, 69.15, 68.26, 68.9] (False, -2.0400000000000063)
  k1s1w80 2,2,16,4,0 -> [67.46, 70.06, 68.13, 70.13] (False, -2.3000000000000043)
  k1s1w80 2,2,8,8,0 -> [68.29, 68.97, 68.71, 69.21] (False, -0.5899999999999963)
  k1s1w80 1,2,32,2,1 -> [68.22, 69.3, 68.5, 69.59] (False, -1.0850000000000009)
  k1s1w80 4,2,32,2,1 -> [68.47, 71.02, 69.27, 70.31] (False, -1.7950000000000017)
  k1s1w80 8,2,32,2,1 -> [68.43, 70.94, 68.24, 71.42] (False, -2.844999999999999)
  k1s1w80 2,1,32,2,1 -> [67.94, 68.86, 68.46, 69.01] (False, -0.7350000000000065)
  k1s1w80 2,4,32,2,1 -> [68.61, 69.62, 68.09, 69.94] (False, -1.4299999999999997)
== k1s1w80: best 2,2,32,2,1 gain 0.00 ms
  k3s1w80 2,2,16,4,1 -> [68.4, 68.7, 68.41, 68.59] (False, -0.240000000000002)
  k3s1w80 2,2,64,1,1 -> [68.43, 67.9, 68.16, 68.72] (False, -0.015000000000000568)
  k3s1w80 2,2,16,8,1 -> [68.31, 68.0, 68.27, 68.93] (False, -0.17500000000000426)
  k3s1w80 2,2,8,8,1 -> [68.77, 70.04, 68.43, 70.68] (False, -1.7600000000000051)
  k3s1w80 2,2,16,4,0 -> [68.37, 73.37, 68.28, 72.99] (False, -4.854999999999997)
  k3s1w80 2,2,8,8,0 -> [68.71, 69.88, 68.74, 70.12] (False, -1.2750000000000057)
  k3s1w80 1,2,32,2,1 -> [68.23, 68.63, 68.19, 68.85] (False, -0.529999999999994)
  k3s1w80 4,2,32,2,1 -> [68.85, 69.84, 68.38, 69.06] (False, -0.835000000000008)
  k3s1w80 8,2,32,2,1 -> [68.3, 70.26, 68.28, 70.25] (False, -1.9650000000000034)
  k3s1w80 2,1,32,2,1 -> [68.54, 68.51, 68.26, 68.08] (False, 0.10500000000000398)
  k3s1w80 2,4,32,2,1 -> [68.71, 69.3, 68.09, 69.42] (False, -0.9600000000000009)
== k3s1w80: best 2,2,32,2,1 gain 0.00 ms
  k3s1w160 2,2,16,4,1 -> [68.24, 69.6, 68.42, 69.08] (False, -1.009999999999998)
  k3s1w160 2,2,64,1,1 -> [68.54, 68.53, 68.31, 68.05] (False, 0.13500000000000512)
  k3s1w160 2,2,16,8,1 -> [68.42, 69.4, 68.29, 69.27] (False, -0.9799999999999969)
  k3s1w160 2,2,8,8,1 -> [68.12, 70.33, 68.44, 70.71] (False, -2.239999999999995)
  k3s1w160 2,2,16,4,0 -> [68.2, 73.66, 68.48, 73.26] (False, -5.119999999999997)
  k3s1w160 2,2,8,8,0 -> [68.49, 71.05, 68.21, 71.55] (False, -2.950000000000003)
  k3s1w160 1,2,32,2,1 -> [68.35, 68.16, 68.61, 68.18] (False, 0.30999999999999517)
  k3s1w160 4,2,32,2,1 -> [68.18, 68.38, 68.38, 69.48] (False, -0.6499999999999986)
  k3s1w160 8,2,32,2,1 -> [68.14, 69.21, 68.73, 69.27] (False, -0.8049999999999926)
  k3s1w160 2,1,32,2,1 -> [67.79, 68.22, 68.42, 68.36] (False, -0.18499999999999517)
  k3s1w160 2,4,32,2,1 -> [68.1, 69.89, 68.6, 69.89] (False, -1.5400000000000063)
== k3s1w160: best 2,2,32,2,1 gain 0.00 ms
  k3s1w40 2,2,16,4,1 -> [68.22, 68.43, 67.99, 68.28] (False, -0.2500000000000071)
  k3s1w40 2,2,64,1,1 -> [68.41, 68.46, 68.43, 68.84] (False, -0.22999999999999687)
  k3s1w40 2,2,16,8,1 -> [68.64, 68.06, 68.13, 68.34] (False, 0.18499999999999517)
  k3s1w40 2,2,8,8,1 -> [68.43, 68.8, 68.67, 69.82] (False, -0.7599999999999909)
  k3s1w40 2,2,16,4,0 -> [68.25, 70.97, 68.25, 71.45] (False, -2.960000000000001)
  k3s1w40 2,2,8,8,0 -> [68.3, 69.49, 68.08, 69.53] (False, -1.3200000000000003)
  k3s1w40 1,2,32,2,1 -> [68.55, 69.63, 68.75, 68.64] (False, -0.48499999999999943)
  k3s1w40 4,2,32,2,1 -> [67.82, 70.11, 68.13, 69.73] (False, -1.9450000000000074)
  k3s1w40 8,2,32,2,1 -> [68.15, 70.76, 68.9, 69.33] (False, -1.519999999999996)
  k3s1w40 2,1,32,2,1 -> [68.45, 69.17, 68.51, 69.46] (False, -0.8349999999999937)
  k3s1w40 2,4,32,2,1 -> [68.27, 69.27, 68.69, 69.09] (False, -0.7000000000000028)
== k3s1w40: best 2,2,32,2,1 gain 0.00 ms
  k3s2w20 2,2,16,4,1 -> [68.71, 68.49, 68.31, 68.19] (False, 0.1700000000000017)
  k3s2w20 2,2,64,1,1 -> [67.5, 68.66, 68.1, 68.18] (False, -0.6200000000000045)
  k3s2w20 2,2,16,8,1 -> [68.77, 68.77, 68.03, 67.02] (False, 0.5050000000000026)
  k3s2w20 2,2,8,8,1 -> [68.26, 68.13, 67.95, 68.36] (False, -0.13999999999999346)
  k3s2w20 2,2,16,4,0 -> [68.03, 67.9, 68.35, 67.65] (False, 0.41499999999999204)
  k3s2w20 2,2,8,8,0 -> [68.89, 68.29, 68.37, 68.53] (False, 0.21999999999999886)
  k3s2w20 1,2,32,2,1 -> [68.07, 68.88, 67.97, 68.52] (False, -0.6799999999999997)
  k3s2w20 4,2,32,2,1 -> [68.61, 68.97, 68.25, 69.76] (False, -0.9350000000000023)
  k3s2w20 8,2,32,2,1 -> [68.43, 68.96, 68.52, 69.15] (False, -0.5799999999999983)
  k3s2w20 2,1,32,2,1 -> [68.36, 68.6, 68.14, 68.28] (False, -0.18999999999999773)
  k3s2w20 2,4,32,2,1 -> [68.75, 68.79, 68.43, 68.1] (False, 0.14500000000000313)
== k3s2w20: best 2,2,32,2,1 gain 0.00 ms
  k3s2w40 2,2,16,4,1 -> [68.46, 67.38, 68.09, 68.02] (False, 0.5750000000000028)
  k3s2w40 2,2,64,1,1 -> [68.03, 70.52, 68.33, 70.04] (False, -2.1000000000000014)
  k3s2w40 2,2,16,8,1 -> [68.23, 66.93, 68.36, 67.08] (True, 1.2899999999999991)
  k3s2w40 2,2,8,8,1 -> [68.8, 67.67, 68.43, 67.36] (True, 1.1000000000000014)
  k3s2w40 2,2,16,4,0 -> [68.45, 68.6, 67.96, 68.21] (False, -0.19999999999999574)
  k3s2w40 2,2,8,8,0 -> [68.36, 67.93, 68.61, 67.83] (True, 0.6049999999999969)
  k3s2w40 1,2,16,8,1 -> [68.39, 68.04, 68.06, 67.24] (True, 0.5850000000000009)
  k3s2w40 4,2,16,8,1 -> [68.15, 68.96, 68.35, 69.34] (False, -0.8999999999999986)
  k3s2w40 8,2,16,8,1 -> [68.36, 69.01, 68.23, 68.51] (False, -0.4650000000000034)
  k3s2w40 2,1,16,8,1 -> [68.99, 67.59, 69.25, 67.45] (True, 1.5999999999999943)
  k3s2w40 2,4,16,8,1 -> [68.47, 68.67, 67.25, 68.45] (False, -0.7000000000000028)
== k3s2w40: best 2,1,16,8,1 gain 1.60 ms
  k3s2w160 2,2,16,4,1 -> [68.54, 68.92, 67.89, 68.39] (False, -0.4399999999999977)
  k3s2w160 2,2,64,1,1 -> [68.54, 68.76, 68.93, 68.5] (False, 0.10500000000000398)
  k3s2w160 2,2,16,8,1 -> [67.9, 68.35, 67.97, 68.66] (False, -0.5699999999999932)
  k3s2w160 2,2,8,8,1 -> [68.23, 69.23, 68.31, 69.49] (False, -1.0899999999999963)
  k3s2w160 2,2,16,4,0 -> [68.13, 71.97, 69.08, 71.98] (False, -3.3700000000000045)
  k3s2w160 2,2,8,8,0 -> [68.28, 69.68, 68.35, 69.63] (False, -1.3400000000000034)
  k3s2w160 1,2,32,2,1 -> [68.83, 69.18, 68.41, 68.99] (False, -0.4650000000000034)
  k3s2w160 4,2,32,2,1 -> [68.49, 68.97, 68.49, 69.58] (False, -0.7850000000000037)
  k3s2w160 8,2,32,2,1 -> [68.26, 69.68, 68.84, 70.04] (False, -1.3100000000000023)
  k3s2w160 2,1,32,2,1 -> [69.09, 68.72, 68.67, 68.82] (False, 0.11000000000000654)
  k3s2w160 2,4,32,2,1 -> [68.41, 68.73, 67.69, 68.88] (False, -0.7550000000000026)
== k3s2w160: best 2,2,32,2,1 gain 0.00 ms
  k3s2w80 2,2,16,4,1 -> [68.49, 67.84, 68.93, 68.04] (True, 0.769999999999996)
  k3s2w80 2,2,64,1,1 -> [67.52, 68.69, 67.63, 68.6] (False, -1.0700000000000003)
  k3s2w80 2,2,16,8,1 -> [68.08, 66.69, 68.5, 67.93] (True, 0.9799999999999969)
  k3s2w80 2,2,8,8,1 -> [68.35, 68.61, 68.64, 68.46] (False, -0.03999999999999915)
  k3s2w80 2,2,16,4,0 -> [68.11, 70.29, 67.99, 70.09] (False, -2.1400000000000077)
  k3s2w80 2,2,8,8,0 -> [68.15, 68.64, 68.81, 68.02] (False, 0.15000000000000568)
  k3s2w80 1,2,16,8,1 -> [68.5, 68.34, 68.93, 68.34] (False, 0.375)
  k3s2w80 4,2,16,8,1 -> [68.6, 68.49, 68.17, 69.81] (False, -0.7650000000000006)
  k3s2w80 8,2,16,8,1 -> [68.56, 69.56, 69.1, 69.64] (False, -0.7700000000000031)
  k3s2w80 2,1,16,8,1 -> [67.57, 67.61, 69.21, 68.13] (False, 0.519999999999996)
  k3s2w80 2,4,16,8,1 -> [68.28, 69.79, 68.47, 69.49] (False, -1.2650000000000006)
== k3s2w80: best 2,2,16,8,1 gain 0.98 ms
TABLE 1:1:128:128:40=2,1,16,4,1;1:1:128:80:40=2,1,16,4,1;1:1:64:32:40=2,1,16,4,1;1:1:64:64:40=2,1,16,4,1;1:1:80:80:40=2,1,16,4,1;1:1:32:32:160=2,1,32,2,1;1:1:48:64:160=2,1,32,2,1;3:2:128:128:40=2,1,16,8,1;3:2:64:64:40=2,1,16,8,1;3:2:64:64:80=2,2,16,8,1
