sam_l0_enc 2 1024 {'k1s1w64': 4, 'k1s1w32': 3, 'k1s1w16': 2, 'k1s1w128': 2, 'k3s1w256': 1}
  k1s1w64 2,2,16,4,1 -> [353.88, 351.61, 353.0, 353.11] (False, 1.079999999999984)
  k1s1w64 2,2,16,4,0 -> [354.72, 352.41, 354.15, 352.06] (True, 2.1999999999999886)
  k1s1w64 2,2,64,1,1 -> [353.74, 395.92, 354.1, 396.21] (False, -42.14499999999998)
  k1s1w64 2,2,64,1,0 -> [354.3, 387.97, 351.75, 388.03] (False, -34.974999999999994)
  k1s1w64 2,2,16,8,1 -> [353.57, 343.43, 353.3, 343.73] (True, 9.85499999999999)
  k1s1w64 2,2,16,8,0 -> [353.38, 342.62, 352.81, 343.33] (True, 10.120000000000005)
  k1s1w64 2,2,8,8,1 -> [353.68, 350.06, 352.91, 350.59] (True, 2.9700000000000273)
  k1s1w64 2,2,8,8,0 -> [353.77, 351.41, 354.67, 349.23] (True, 3.8999999999999773)
  k1s1w64 2,2,8,16,1 -> [352.93, 342.63, 354.88, 342.98] (True, 11.099999999999994)
  k1s1w64 2,2,8,16,0 -> [353.72, 343.41, 352.63, 341.29] (True, 10.824999999999989)
  k1s1w64 2,2,32,4,1 -> [353.03, 344.25, 353.73, 343.93] (True, 9.289999999999992)
  k1s1w64 2,2,32,4,0 -> [353.35, 345.54, 354.1, 346.91] (True, 7.5)
  k1s1w64 2,2,4,16,1 -> [353.54, 351.22, 353.86, 350.79] (True, 2.694999999999993)
  k1s1w64 2,2,4,16,0 -> [353.61, 350.71, 352.94, 350.29] (True, 2.7750000000000057)
  k1s1w64 1,2,8,16,1 -> [353.23, 349.66, 353.43, 349.5] (True, 3.75)
  k1s1w64 4,2,8,16,1 -> [353.46, 354.85, 353.7, 354.13] (False, -0.910000000000025)
  k1s1w64 8,2,8,16,1 -> [353.37, 350.97, 353.6, 351.4] (True, 2.3000000000000114)
  k1s1w64 2,1,8,16,1 -> [353.21, 346.56, 353.91, 347.09] (True, 6.735000000000014)
  k1s1w64 2,4,8,16,1 -> [353.97, 352.24, 353.29, 352.95] (True, 1.035000000000025)
  k1s1w64 2,8,8,16,1 -> [352.93, 358.91, 353.27, 358.87] (False, -5.7900000000000205)
== k1s1w64: best 2,2,8,16,1 gain 11.10 ms
  k1s1w32 2,2,16,4,1 -> [355.02, 351.04, 354.06, 350.82] (True, 3.609999999999985)
  k1s1w32 2,2,16,4,0 -> [352.66, 349.63, 353.97, 351.48] (True, 2.7600000000000193)
  k1s1w32 2,2,64,1,1 -> [352.93, 380.56, 353.76, 381.27] (False, -27.569999999999993)
  k1s1w32 2,2,64,1,0 -> [352.49, 372.6, 353.29, 373.65] (False, -20.234999999999985)
  k1s1w32 2,2,16,8,1 -> [351.57, 344.38, 354.54, 342.96] (True, 9.38500000000002)
  k1s1w32 2,2,16,8,0 -> [352.96, 342.1, 352.98, 342.44] (True, 10.699999999999989)
  k1s1w32 2,2,8,8,1 -> [353.77, 350.14, 352.68, 349.71] (True, 3.3000000000000114)
  k1s1w32 2,2,8,8,0 -> [353.66, 350.09, 352.38, 350.71] (True, 2.620000000000033)
  k1s1w32 2,2,8,16,1 -> [353.15, 342.73, 353.21, 343.25] (True, 10.18999999999997)
  k1s1w32 2,2,8,16,0 -> [353.31, 343.3, 352.98, 343.58] (True, 9.705000000000013)
  k1s1w32 2,2,32,4,1 -> [353.17, 344.08, 352.58, 344.66] (True, 8.504999999999995)
  k1s1w32 2,2,32,4,0 -> [353.35, 343.98, 353.44, 344.44] (True, 9.185000000000002)
  k1s1w32 2,2,4,16,1 -> [353.54, 351.83, 354.77, 352.28] (True, 2.1000000000000227)
  k1s1w32 2,2,4,16,0 -> [353.39, 352.29, 353.26, 350.7] (True, 1.829999999999984)
  k1s1w32 1,2,16,8,0 -> [354.11, 350.43, 354.01, 349.31] (True, 4.189999999999998)
  k1s1w32 4,2,16,8,0 -> [353.54, 353.94, 353.59, 354.12] (False, -0.4650000000000034)
  k1s1w32 8,2,16,8,0 -> [353.35, 349.51, 353.1, 350.25] (True, 3.3450000000000273)
  k1s1w32 2,1,16,8,0 -> [352.5, 347.57, 353.28, 348.61] (True, 4.799999999999983)
  k1s1w32 2,4,16,8,0 -> [354.8, 349.38, 351.99, 347.39] (True, 5.010000000000019)
  k1s1w32 2,8,16,8,0 -> [354.02, 352.67, 352.86, 352.35] (True, 0.9299999999999784)
== k1s1w32: best 2,2,16,8,0 gain 10.70 ms
  k1s1w16 2,2,16,4,1 -> [354.36, 353.86, 352.08, 354.29] (False, -0.8550000000000182)
  k1s1w16 2,2,16,4,0 -> [352.84, 352.98, 352.33, 352.22] (False, -0.015000000000043201)
  k1s1w16 2,2,64,1,1 -> [353.1, 354.41, 354.23, 354.34] (False, -0.7099999999999795)
  k1s1w16 2,2,64,1,0 -> [355.17, 354.89, 353.15, 354.8] (False, -0.6850000000000023)
  k1s1w16 2,2,16,8,1 -> [353.56, 351.11, 354.16, 350.35] (True, 3.1299999999999955)
  k1s1w16 2,2,16,8,0 -> [353.17, 350.58, 353.29, 351.37] (True, 2.255000000000024)
  k1s1w16 2,2,8,8,1 -> [352.44, 352.83, 352.82, 353.24] (False, -0.40500000000000114)
  k1s1w16 2,2,8,8,0 -> [354.23, 353.27, 352.83, 353.18] (False, 0.3050000000000068)
  k1s1w16 2,2,8,16,1 -> [352.94, 350.52, 353.39, 350.5] (True, 2.655000000000001)
  k1s1w16 2,2,8,16,0 -> [353.01, 351.38, 353.76, 351.61] (True, 1.8899999999999864)
  k1s1w16 2,2,32,4,1 -> [352.29, 350.69, 352.01, 351.03] (True, 1.2900000000000205)
  k1s1w16 2,2,32,4,0 -> [353.9, 351.64, 354.65, 350.07] (True, 3.4199999999999875)
  k1s1w16 2,2,4,16,1 -> [351.73, 351.99, 352.46, 352.94] (False, -0.37000000000000455)
  k1s1w16 2,2,4,16,0 -> [353.67, 351.11, 354.08, 353.0] (True, 1.8199999999999932)
  k1s1w16 1,2,32,4,0 -> [352.95, 353.45, 352.47, 351.77] (False, 0.10000000000002274)
  k1s1w16 4,2,32,4,0 -> [355.36, 353.38, 353.81, 352.46] (True, 1.6650000000000205)
  k1s1w16 8,2,32,4,0 -> [353.57, 353.46, 353.78, 353.82] (False, 0.03499999999999659)
  k1s1w16 2,1,32,4,0 -> [354.04, 353.01, 353.57, 353.48] (False, 0.5600000000000023)
  k1s1w16 2,4,32,4,0 -> [351.61, 351.2, 353.61, 351.34] (True, 1.3400000000000318)
  k1s1w16 2,8,32,4,0 -> [353.88, 353.65, 353.47, 353.34] (False, 0.18000000000003524)
== k1s1w16: best 2,2,32,4,0 gain 3.42 ms
  k1s1w128 2,2,16,4,1 -> [354.2, 350.82, 353.65, 352.05] (True, 2.4899999999999807)
  k1s1w128 2,2,16,4,0 -> [354.59, 358.57, 353.87, 358.06] (False, -4.085000000000008)
  k1s1w128 2,2,64,1,1 -> [355.2, 356.89, 352.81, 357.2] (False, -3.039999999999992)
  k1s1w128 2,2,64,1,0 -> [354.9, 402.67, 354.28, 400.3] (False, -46.89500000000004)
  k1s1w128 2,2,16,8,1 -> [353.16, 350.37, 354.01, 349.28] (True, 3.7600000000000193)
  k1s1w128 2,2,16,8,0 -> [353.71, 352.9, 353.32, 351.5] (True, 1.3149999999999977)
  k1s1w128 2,2,8,8,1 -> [353.48, 354.08, 353.0, 352.83] (False, -0.214999999999975)
  k1s1w128 2,2,8,8,0 -> [353.74, 353.2, 352.94, 352.44] (True, 0.5200000000000102)
  k1s1w128 2,2,8,16,1 -> [354.75, 348.96, 350.96, 352.39] (False, 2.180000000000007)
  k1s1w128 2,2,8,16,0 -> [353.61, 347.99, 353.48, 348.22] (True, 5.439999999999998)
  k1s1w128 2,2,32,4,1 -> [353.94, 348.84, 351.93, 349.45] (True, 3.7900000000000205)
  k1s1w128 2,2,32,4,0 -> [353.53, 358.53, 352.48, 358.7] (False, -5.609999999999985)
  k1s1w128 2,2,4,16,1 -> [353.8, 357.81, 353.77, 358.35] (False, -4.295000000000016)
  k1s1w128 2,2,4,16,0 -> [354.49, 352.32, 353.91, 352.28] (True, 1.900000000000034)
  k1s1w128 1,2,8,16,0 -> [353.98, 351.33, 351.55, 350.0] (True, 2.1000000000000227)
  k1s1w128 4,2,8,16,0 -> [352.85, 354.63, 353.75, 355.3] (False, -1.664999999999992)
  k1s1w128 8,2,8,16,0 -> [353.74, 361.33, 350.4, 361.19] (False, -9.189999999999998)
  k1s1w128 2,1,8,16,0 -> [352.45, 351.8, 353.8, 352.17] (True, 1.1399999999999864)
  k1s1w128 2,4,8,16,0 -> [353.54, 360.9, 353.68, 361.07] (False, -7.374999999999972)
  k1s1w128 2,8,8,16,0 -> [354.63, 368.87, 353.41, 368.42] (False, -14.625)
== k1s1w128: best 2,2,8,16,0 gain 5.44 ms
  k3s1w256 2,2,16,4,1 -> [354.17, 353.36, 353.52, 354.0] (False, 0.16499999999999204)
  k3s1w256 2,2,16,4,0 -> [352.4, 382.23, 354.05, 380.89] (False, -28.335000000000008)
  k3s1w256 2,2,64,1,1 -> [353.44, 355.88, 353.2, 355.05] (False, -2.1450000000000102)
  k3s1w256 2,2,64,1,0 -> [353.84, 498.11, 353.27, 496.83] (False, -143.91500000000002)
  k3s1w256 2,2,16,8,1 -> [351.84, 353.62, 352.33, 354.6] (False, -2.025000000000034)
  k3s1w256 2,2,16,8,0 -> [353.53, 367.55, 353.9, 367.05] (False, -13.585000000000036)
  k3s1w256 2,2,8,8,1 -> [353.7, 361.41, 352.26, 363.16] (False, -9.305000000000035)
  k3s1w256 2,2,8,8,0 -> [352.53, 364.65, 354.36, 362.85] (False, -10.305000000000007)
  k3s1w256 2,2,8,16,1 -> [353.41, 364.2, 353.95, 364.38] (False, -10.609999999999985)
  k3s1w256 2,2,8,16,0 -> [353.88, 355.81, 354.01, 356.75] (False, -2.335000000000008)
  k3s1w256 2,2,32,4,1 -> [352.72, 349.82, 353.85, 348.75] (True, 4.000000000000028)
  k3s1w256 2,2,32,4,0 -> [353.84, 383.85, 351.4, 383.83] (False, -31.220000000000027)
  k3s1w256 2,2,4,16,1 -> [353.04, 381.55, 354.59, 381.12] (False, -27.52000000000001)
  k3s1w256 2,2,4,16,0 -> [353.67, 353.91, 353.59, 353.71] (False, -0.18000000000000682)
  k3s1w256 1,2,32,4,1 -> [353.78, 353.66, 354.35, 353.42] (False, 0.5249999999999773)
  k3s1w256 4,2,32,4,1 -> [353.24, 356.23, 354.4, 357.09] (False, -2.8400000000000034)
  k3s1w256 8,2,32,4,1 -> [353.21, 360.73, 352.61, 359.05] (False, -6.980000000000018)
  k3s1w256 2,1,32,4,1 -> [354.06, 352.66, 353.88, 353.29] (True, 0.9949999999999761)
  k3s1w256 2,4,32,4,1 -> [354.12, 361.97, 353.25, 360.59] (False, -7.594999999999999)
  k3s1w256 2,8,32,4,1 -> [353.18, 378.78, 352.41, 381.26] (False, -27.224999999999966)
== k3s1w256: best 2,2,32,4,1 gain 4.00 ms
TABLE 1:1:1024:128:64=2,2,8,16,1;1:1:128:256:64=2,2,8,16,1;1:1:256:256:64=2,2,8,16,1;1:1:512:128:64=2,2,8,16,1;1:1:1024:256:32=2,2,16,8,0;1:1:256:1024:32=2,2,16,8,0;1:1:256:256:32=2,2,16,8,0;1:1:1024:512:16=2,2,32,4,0;1:1:512:256:16=2,2,32,4,0;1:1:256:64:128=2,2,8,16,0;1:1:512:64:128=2,2,8,16,0;3:1:32:32:256=2,2,32,4,1
