  3:1:16:32:80 2,2,16,4,1 -> [69.94, 69.69, 69.74, 68.96] (False, 0.5150000000000006)
  3:1:16:32:80 2,2,64,1,1 -> [69.34, 69.31, 69.9, 68.93] (False, 0.5)
  3:1:16:32:80 2,2,16,8,1 -> [69.86, 70.03, 69.79, 69.03] (False, 0.2950000000000017)
  3:1:16:32:80 2,2,8,8,1 -> [68.91, 70.4, 69.89, 69.04] (False, -0.3200000000000074)
  3:1:16:32:80 2,2,16,4,0 -> [69.31, 71.26, 70.0, 69.66] (False, -0.8049999999999997)
  3:1:16:32:80 2,2,8,8,0 -> [70.26, 69.55, 69.77, 70.22] (False, 0.13000000000000256)
  3:1:16:32:80 2,2,32,2,0 -> [69.74, 73.23, 70.13, 71.63] (False, -2.4950000000000045)
  3:1:16:32:80 1,2,32,2,1 -> [68.48, 68.84, 69.13, 69.14] (False, -0.18500000000000227)
  3:1:16:32:80 4,2,32,2,1 -> [69.09, 69.38, 68.7, 69.68] (False, -0.634999999999998)
  3:1:16:32:80 8,2,32,2,1 -> [68.7, 69.33, 69.03, 69.53] (False, -0.5649999999999977)
  3:1:16:32:80 2,1,32,2,1 -> [68.93, 68.41, 69.14, 68.88] (False, 0.3900000000000077)
  3:1:16:32:80 2,4,32,2,1 -> [69.44, 69.31, 69.0, 69.25] (False, -0.060000000000002274)
== yolo11n mode1 maxc64 3:1:16:32:80: best 2,2,32,2,1 gain 0.00 ms
