rtdetr_pre 2 1024 {'k1s1w20': 6, 'k1s1w40': 4, 'k1s1w80': 5, 'k1s1w160': 1, 'k3s1w320': 2}
  k1s1w20 2,2,16,4,1 -> [352.84, 342.86, 343.34, 356.08] (False, -1.3800000000000239)
  k1s1w20 2,2,16,4,0 -> [353.31, 353.05, 352.93, 353.08] (False, 0.05500000000000682)
  k1s1w20 2,2,64,1,1 -> [365.48, 354.73, 352.66, 354.64] (False, 4.385000000000019)
  k1s1w20 2,2,64,1,0 -> [363.89, 353.79, 365.79, 364.36] (True, 5.764999999999986)
  k1s1w20 2,2,16,8,1 -> [359.22, 351.86, 354.65, 350.65] (True, 5.680000000000007)
  k1s1w20 2,2,16,8,0 -> [349.13, 352.61, 357.22, 349.28] (False, 2.230000000000018)
  k1s1w20 2,2,8,8,1 -> [351.41, 348.83, 365.82, 353.16] (True, 7.6200000000000045)
  k1s1w20 2,2,8,8,0 -> [351.69, 348.93, 353.44, 365.51] (False, -4.655000000000001)
  k1s1w20 2,2,8,16,1 -> [362.64, 352.62, 350.78, 354.76] (False, 3.019999999999982)
  k1s1w20 2,2,8,16,0 -> [353.9, 349.73, 353.65, 362.85] (False, -2.515000000000043)
  k1s1w20 2,2,32,4,1 -> [350.37, 351.84, 365.54, 351.73] (False, 6.170000000000016)
  k1s1w20 2,2,32,4,0 -> [350.79, 349.14, 351.45, 349.35] (True, 1.875)
  k1s1w20 2,2,4,16,1 -> [352.02, 360.22, 350.21, 351.4] (False, -4.695000000000022)
  k1s1w20 2,2,4,16,0 -> [353.33, 346.4, 353.42, 360.75] (False, -0.19999999999998863)
  k1s1w20 1,2,8,8,1 -> [349.42, 351.53, 351.69, 352.1] (False, -1.259999999999991)
  k1s1w20 4,2,8,8,1 -> [350.07, 360.8, 356.17, 362.73] (False, -8.64500000000001)
  k1s1w20 8,2,8,8,1 -> [354.1, 353.83, 352.71, 352.55] (False, 0.2150000000000034)
  k1s1w20 2,1,8,8,1 -> [349.85, 351.34, 351.86, 352.88] (False, -1.254999999999967)
  k1s1w20 2,4,8,8,1 -> [353.5, 353.58, 351.61, 350.07] (False, 0.7300000000000182)
  k1s1w20 2,8,8,8,1 -> [351.62, 355.72, 348.28, 353.55] (False, -4.685000000000031)
== k1s1w20: best 2,2,8,8,1 gain 7.62 ms
  k1s1w40 2,2,16,4,1 -> [357.46, 349.96, 355.16, 352.52] (True, 5.070000000000022)
  k1s1w40 2,2,16,4,0 -> [353.52, 357.83, 354.08, 351.78] (False, -1.0049999999999955)
  k1s1w40 2,2,64,1,1 -> [352.13, 372.89, 362.87, 373.58] (False, -15.734999999999985)
  k1s1w40 2,2,64,1,0 -> [350.84, 406.18, 353.73, 391.93] (False, -46.77000000000001)
  k1s1w40 2,2,16,8,1 -> [350.85, 341.31, 356.46, 347.86] (True, 9.069999999999993)
  k1s1w40 2,2,16,8,0 -> [350.73, 342.99, 351.98, 341.72] (True, 9.0)
  k1s1w40 2,2,8,8,1 -> [356.54, 351.5, 364.88, 348.87] (True, 10.525000000000006)
  k1s1w40 2,2,8,8,0 -> [353.36, 361.68, 349.67, 351.78] (False, -5.214999999999975)
  k1s1w40 2,2,8,16,1 -> [357.03, 337.32, 349.22, 345.54] (True, 11.694999999999993)
  k1s1w40 2,2,8,16,0 -> [350.09, 340.0, 360.85, 337.07] (True, 16.935000000000002)
  k1s1w40 2,2,32,4,1 -> [363.4, 335.95, 355.0, 347.09] (True, 17.680000000000007)
  k1s1w40 2,2,32,4,0 -> [353.53, 359.32, 352.69, 349.43] (False, -1.2650000000000148)
  k1s1w40 2,2,4,16,1 -> [351.88, 349.24, 363.93, 353.28] (True, 6.64500000000001)
  k1s1w40 2,2,4,16,0 -> [365.01, 350.38, 352.02, 349.83] (True, 8.409999999999997)
  k1s1w40 1,2,32,4,1 -> [353.13, 352.03, 356.83, 351.51] (True, 3.210000000000008)
  k1s1w40 4,2,32,4,1 -> [349.49, 352.36, 352.63, 353.37] (False, -1.8050000000000068)
  k1s1w40 8,2,32,4,1 -> [363.66, 354.06, 351.8, 352.41] (False, 4.4950000000000045)
  k1s1w40 2,1,32,4,1 -> [353.11, 358.09, 353.04, 345.26] (False, 1.400000000000034)
  k1s1w40 2,4,32,4,1 -> [349.68, 363.95, 358.63, 353.65] (False, -4.644999999999982)
  k1s1w40 2,8,32,4,1 -> [351.02, 348.96, 351.78, 349.45] (True, 2.194999999999993)
== k1s1w40: best 2,2,32,4,1 gain 17.68 ms
  k1s1w80 2,2,16,4,1 -> [357.15, 350.76, 365.23, 364.63] (True, 3.4950000000000045)
  k1s1w80 2,2,16,4,0 -> [354.08, 370.65, 348.34, 345.37] (False, -6.800000000000011)
  k1s1w80 2,2,64,1,1 -> [353.91, 381.21, 347.83, 387.29] (False, -33.379999999999995)
  k1s1w80 2,2,64,1,0 -> [356.53, 421.94, 345.94, 422.21] (False, -70.84)
  k1s1w80 2,2,16,8,1 -> [350.86, 334.66, 353.08, 335.23] (True, 17.024999999999977)
  k1s1w80 2,2,16,8,0 -> [362.51, 332.42, 354.15, 333.84] (True, 25.19999999999999)
  k1s1w80 2,2,8,8,1 -> [352.36, 357.38, 352.98, 348.98] (False, -0.5099999999999909)
  k1s1w80 2,2,8,8,0 -> [350.36, 350.3, 350.71, 348.99] (False, 0.8899999999999864)
  k1s1w80 2,2,8,16,1 -> [350.81, 334.38, 350.01, 334.84] (True, 15.800000000000011)
  k1s1w80 2,2,8,16,0 -> [351.12, 333.33, 350.88, 334.84] (True, 16.91500000000002)
  k1s1w80 2,2,32,4,1 -> [354.25, 334.46, 350.9, 336.21] (True, 17.24000000000001)
  k1s1w80 2,2,32,4,0 -> [354.16, 356.7, 354.67, 378.69] (False, -13.279999999999973)
  k1s1w80 2,2,4,16,1 -> [350.68, 352.12, 352.12, 354.74] (False, -2.030000000000001)
  k1s1w80 2,2,4,16,0 -> [352.19, 351.87, 355.07, 349.73] (True, 2.829999999999984)
  k1s1w80 1,2,16,8,0 -> [352.53, 357.65, 351.76, 382.5] (False, -17.930000000000007)
  k1s1w80 4,2,16,8,0 -> [364.43, 352.38, 363.13, 352.16] (True, 11.509999999999991)
  k1s1w80 8,2,16,8,0 -> [348.32, 350.55, 355.69, 357.38] (False, -1.960000000000008)
  k1s1w80 2,1,16,8,0 -> [349.48, 340.77, 354.79, 337.05] (True, 13.225000000000023)
  k1s1w80 2,4,16,8,0 -> [353.54, 354.74, 350.36, 353.3] (False, -2.069999999999993)
  k1s1w80 2,8,16,8,0 -> [351.95, 369.95, 361.41, 370.21] (False, -13.399999999999977)
== k1s1w80: best 2,2,16,8,0 gain 25.20 ms
  k1s1w160 2,2,16,4,1 -> [349.6, 352.09, 355.58, 362.48] (False, -4.694999999999993)
  k1s1w160 2,2,16,4,0 -> [348.87, 353.35, 354.06, 363.42] (False, -6.920000000000016)
  k1s1w160 2,2,64,1,1 -> [348.52, 350.33, 352.9, 351.97] (False, -0.44000000000002615)
  k1s1w160 2,2,64,1,0 -> [351.75, 338.28, 352.02, 339.95] (True, 12.77000000000001)
  k1s1w160 2,2,16,8,1 -> [351.47, 353.13, 354.55, 361.8] (False, -4.454999999999984)
  k1s1w160 2,2,16,8,0 -> [350.49, 351.09, 354.26, 350.79] (False, 1.4350000000000023)
  k1s1w160 2,2,8,8,1 -> [362.78, 350.11, 357.62, 351.16] (True, 9.56499999999997)
  k1s1w160 2,2,8,8,0 -> [351.69, 351.32, 350.72, 350.24] (True, 0.42500000000001137)
  k1s1w160 2,2,8,16,1 -> [352.74, 352.09, 348.99, 362.44] (False, -6.399999999999977)
  k1s1w160 2,2,8,16,0 -> [352.38, 351.62, 363.76, 353.85] (True, 5.3349999999999795)
  k1s1w160 2,2,32,4,1 -> [365.25, 364.51, 353.03, 364.53] (False, -5.3799999999999955)
  k1s1w160 2,2,32,4,0 -> [350.8, 353.11, 351.25, 352.92] (False, -1.990000000000009)
  k1s1w160 2,2,4,16,1 -> [351.35, 355.6, 352.8, 351.83] (False, -1.6399999999999864)
  k1s1w160 2,2,4,16,0 -> [349.6, 350.69, 353.35, 351.0] (False, 0.6300000000000239)
  k1s1w160 1,2,64,1,0 -> [357.82, 342.98, 349.8, 342.52] (True, 11.060000000000002)
  k1s1w160 4,2,64,1,0 -> [356.63, 348.2, 349.98, 349.54] (True, 4.435000000000002)
  k1s1w160 8,2,64,1,0 -> [349.89, 342.04, 355.07, 344.77] (True, 9.074999999999989)
  k1s1w160 2,1,64,1,0 -> [351.2, 337.25, 353.83, 352.03] (True, 7.875)
  k1s1w160 2,4,64,1,0 -> [350.45, 354.18, 364.7, 352.14] (False, 4.414999999999992)
  k1s1w160 2,8,64,1,0 -> [350.23, 365.25, 354.15, 366.05] (False, -13.460000000000008)
== k1s1w160: best 2,2,64,1,0 gain 12.77 ms
  k3s1w320 2,2,16,4,1 -> [351.03, 351.27, 350.46, 345.37] (False, 2.424999999999983)
  k3s1w320 2,2,16,4,0 -> [351.28, 374.19, 350.59, 371.94] (False, -22.130000000000024)
  k3s1w320 2,2,64,1,1 -> [350.63, 332.23, 353.77, 338.43] (True, 16.869999999999976)
  k3s1w320 2,2,64,1,0 -> [354.13, 617.47, 350.77, 575.81] (False, -244.19)
  k3s1w320 2,2,16,8,1 -> [351.4, 358.72, 350.93, 344.43] (False, -0.410000000000025)
  k3s1w320 2,2,16,8,0 -> [349.5, 345.57, 362.85, 352.97] (True, 6.905000000000001)
  k3s1w320 2,2,8,8,1 -> [354.45, 338.64, 352.9, 339.9] (True, 14.405000000000001)
  k3s1w320 2,2,8,8,0 -> [349.75, 339.5, 350.65, 337.72] (True, 11.589999999999975)
  k3s1w320 2,2,8,16,1 -> [364.96, 339.03, 355.3, 340.23] (True, 20.5)
  k3s1w320 2,2,8,16,0 -> [351.79, 350.55, 355.02, 347.05] (True, 4.60499999999999)
  k3s1w320 2,2,32,4,1 -> [352.94, 343.53, 351.01, 344.4] (True, 8.01000000000002)
  k3s1w320 2,2,32,4,0 -> [351.62, 376.35, 351.58, 374.33] (False, -23.74000000000001)
  k3s1w320 2,2,4,16,1 -> [353.83, 374.78, 364.41, 370.66] (False, -13.599999999999994)
  k3s1w320 2,2,4,16,0 -> [350.73, 353.25, 363.48, 354.39] (False, 3.285000000000025)
  k3s1w320 1,2,8,16,1 -> [350.1, 358.76, 351.1, 357.0] (False, -7.279999999999973)
  k3s1w320 4,2,8,16,1 -> [352.32, 373.61, 349.48, 373.63] (False, -22.72)
  k3s1w320 8,2,8,16,1 -> [361.37, 368.55, 353.46, 369.26] (False, -11.490000000000009)
  k3s1w320 2,1,8,16,1 -> [351.03, 359.52, 351.61, 350.99] (False, -3.9350000000000023)
  k3s1w320 2,4,8,16,1 -> [351.33, 417.86, 357.83, 418.35] (False, -63.525000000000034)
  k3s1w320 2,8,8,16,1 -> [353.62, 450.41, 352.55, 450.95] (False, -97.595)
== k3s1w320: best 2,2,8,16,1 gain 20.50 ms
TABLE 1:1:128:128:20=2,2,8,8,1;1:1:128:256:20=2,2,8,8,1;1:1:256:256:20=2,2,8,8,1;1:1:256:512:20=2,2,8,8,1;1:1:512:128:20=2,2,8,8,1;1:1:512:256:20=2,2,8,8,1;1:1:128:128:40=2,2,32,4,1;1:1:128:256:40=2,2,32,4,1;1:1:256:256:40=2,2,32,4,1;1:1:512:128:40=2,2,32,4,1;1:1:128:128:80=2,2,16,8,0;1:1:128:256:80=2,2,16,8,0;1:1:256:256:80=2,2,16,8,0;1:1:512:128:80=2,2,16,8,0;1:1:64:128:80=2,2,16,8,0;1:1:64:64:160=2,2,64,1,0;3:1:32:32:320=2,2,8,16,1;3:1:32:64:320=2,2,8,16,1
