yolo26n 1 64 12 shapes, 7 classes: {'k3s1w20': 1, 'k3s1w40': 2, 'k3s1w80': 4, 'k3s1w160': 2, 'k3s2w160': 1, 'k3s2w40': 1, 'k3s2w80': 1}
  k3s1w20 2,2,16,4,1 -> [57.75, 58.06, 58.65, 58.75] (False, -0.20500000000000185)
  k3s1w20 2,2,64,1,1 -> [58.39, 58.42, 57.58, 58.62] (False, -0.5350000000000001)
  k3s1w20 2,2,16,8,1 -> [58.51, 58.29, 58.01, 58.12] (False, 0.054999999999999716)
  k3s1w20 2,2,8,8,1 -> [58.58, 58.24, 58.25, 58.43] (False, 0.0799999999999983)
  k3s1w20 2,2,16,4,0 -> [58.47, 58.12, 58.26, 58.46] (False, 0.07499999999999929)
  k3s1w20 2,2,8,8,0 -> [58.6, 58.55, 58.54, 58.36] (False, 0.11500000000000199)
  k3s1w20 1,2,32,2,1 -> [58.2, 58.16, 58.49, 58.63] (False, -0.04999999999999716)
  k3s1w20 4,2,32,2,1 -> [58.15, 57.39, 58.91, 57.71] (True, 0.9799999999999969)
  k3s1w20 8,2,32,2,1 -> [58.39, 59.06, 58.22, 58.02] (False, -0.23500000000000298)
  k3s1w20 4,1,32,2,1 -> [57.66, 58.26, 58.34, 58.33] (False, -0.29499999999999815)
  k3s1w20 4,4,32,2,1 -> [58.63, 58.79, 58.39, 58.15] (False, 0.0400000000000027)
== k3s1w20: best 4,2,32,2,1 gain 0.98 ms
  k3s1w40 2,2,16,4,1 -> [58.2, 58.01, 58.46, 57.86] (False, 0.3950000000000031)
  k3s1w40 2,2,64,1,1 -> [58.17, 58.22, 58.33, 59.15] (False, -0.4349999999999987)
  k3s1w40 2,2,16,8,1 -> [58.3, 58.88, 58.76, 58.56] (False, -0.19000000000000483)
  k3s1w40 2,2,8,8,1 -> [58.46, 60.23, 58.22, 60.09] (False, -1.8200000000000003)
  k3s1w40 2,2,16,4,0 -> [58.32, 62.83, 58.31, 62.86] (False, -4.529999999999998)
  k3s1w40 2,2,8,8,0 -> [58.16, 60.19, 58.82, 60.42] (False, -1.8150000000000013)
  k3s1w40 1,2,32,2,1 -> [57.78, 59.24, 58.11, 58.79] (False, -1.0700000000000003)
  k3s1w40 4,2,32,2,1 -> [58.57, 59.92, 58.4, 59.66] (False, -1.3049999999999997)
  k3s1w40 8,2,32,2,1 -> [57.97, 60.98, 58.16, 60.52] (False, -2.6850000000000023)
  k3s1w40 2,1,32,2,1 -> [58.67, 58.83, 58.44, 59.33] (False, -0.5249999999999986)
  k3s1w40 2,4,32,2,1 -> [58.31, 59.25, 58.5, 58.99] (False, -0.7149999999999999)
== k3s1w40: best 2,2,32,2,1 gain 0.00 ms
  k3s1w80 2,2,16,4,1 -> [58.0, 58.88, 58.17, 59.27] (False, -0.990000000000002)
  k3s1w80 2,2,64,1,1 -> [58.17, 59.2, 58.44, 59.1] (False, -0.8450000000000024)
  k3s1w80 2,2,16,8,1 -> [58.14, 59.09, 58.32, 59.37] (False, -1.0)
  k3s1w80 2,2,8,8,1 -> [58.36, 61.79, 58.42, 62.09] (False, -3.5500000000000007)
  k3s1w80 2,2,16,4,0 -> [58.27, 69.28, 58.59, 69.04] (False, -10.73)
  k3s1w80 2,2,8,8,0 -> [58.03, 62.57, 57.57, 62.49] (False, -4.73)
  k3s1w80 1,2,32,2,1 -> [58.41, 58.69, 57.88, 58.6] (False, -0.5)
  k3s1w80 4,2,32,2,1 -> [58.19, 59.7, 57.59, 59.65] (False, -1.7850000000000001)
  k3s1w80 8,2,32,2,1 -> [58.4, 60.25, 57.64, 60.2] (False, -2.205000000000002)
  k3s1w80 2,1,32,2,1 -> [58.54, 58.57, 58.04, 58.76] (False, -0.375)
  k3s1w80 2,4,32,2,1 -> [58.33, 60.37, 58.5, 60.12] (False, -1.8299999999999983)
== k3s1w80: best 2,2,32,2,1 gain 0.00 ms
  k3s1w160 2,2,16,4,1 -> [58.46, 59.15, 58.11, 58.57] (False, -0.5749999999999993)
  k3s1w160 2,2,64,1,1 -> [58.14, 58.55, 58.25, 58.23] (False, -0.19499999999999673)
  k3s1w160 2,2,16,8,1 -> [58.63, 59.27, 58.09, 59.15] (False, -0.8499999999999979)
  k3s1w160 2,2,8,8,1 -> [58.62, 60.85, 58.24, 60.74] (False, -2.365000000000002)
  k3s1w160 2,2,16,4,0 -> [58.61, 64.52, 58.69, 61.28] (False, -4.25)
  k3s1w160 2,2,8,8,0 -> [57.95, 60.33, 58.5, 61.08] (False, -2.479999999999997)
  k3s1w160 1,2,32,2,1 -> [57.85, 58.62, 58.01, 58.78] (False, -0.7699999999999996)
  k3s1w160 4,2,32,2,1 -> [57.25, 59.22, 58.3, 59.12] (False, -1.3949999999999996)
  k3s1w160 8,2,32,2,1 -> [58.45, 58.7, 57.7, 58.35] (False, -0.4499999999999993)
  k3s1w160 2,1,32,2,1 -> [58.14, 58.04, 58.37, 58.2] (False, 0.134999999999998)
  k3s1w160 2,4,32,2,1 -> [58.29, 59.94, 58.17, 59.69] (False, -1.5849999999999973)
== k3s1w160: best 2,2,32,2,1 gain 0.00 ms
  k3s2w160 2,2,16,4,1 -> [58.38, 58.89, 58.74, 57.96] (False, 0.13500000000000156)
  k3s2w160 2,2,64,1,1 -> [57.92, 58.19, 57.51, 58.13] (False, -0.4450000000000003)
  k3s2w160 2,2,16,8,1 -> [58.05, 58.65, 58.84, 58.93] (False, -0.34499999999999886)
  k3s2w160 2,2,8,8,1 -> [58.56, 59.33, 58.16, 59.4] (False, -1.004999999999999)
  k3s2w160 2,2,16,4,0 -> [58.63, 61.74, 58.23, 61.21] (False, -3.0450000000000017)
  k3s2w160 2,2,8,8,0 -> [57.91, 59.15, 58.26, 60.1] (False, -1.5400000000000027)
  k3s2w160 1,2,32,2,1 -> [58.79, 58.56, 58.37, 58.81] (False, -0.10500000000000398)
  k3s2w160 4,2,32,2,1 -> [58.35, 59.46, 58.73, 59.31] (False, -0.8450000000000024)
  k3s2w160 8,2,32,2,1 -> [57.47, 59.59, 58.24, 60.05] (False, -1.9649999999999999)
  k3s2w160 2,1,32,2,1 -> [58.41, 56.3, 58.61, 58.33] (False, 1.1950000000000003)
  k3s2w160 2,4,32,2,1 -> [58.04, 58.7, 58.83, 58.39] (False, -0.11000000000000298)
== k3s2w160: best 2,2,32,2,1 gain 0.00 ms
  k3s2w40 2,2,16,4,1 -> [58.21, 58.36, 58.38, 57.81] (False, 0.21000000000000085)
  k3s2w40 2,2,64,1,1 -> [58.67, 58.68, 57.61, 58.73] (False, -0.5649999999999977)
  k3s2w40 2,2,16,8,1 -> [58.16, 57.16, 58.42, 57.68] (True, 0.870000000000001)
  k3s2w40 2,2,8,8,1 -> [58.27, 58.27, 57.84, 57.84] (False, 0.0)
  k3s2w40 2,2,16,4,0 -> [58.06, 58.4, 58.0, 58.65] (False, -0.49499999999999744)
  k3s2w40 2,2,8,8,0 -> [58.13, 57.98, 58.33, 58.1] (False, 0.19000000000000128)
  k3s2w40 1,2,16,8,1 -> [57.66, 57.83, 57.97, 58.51] (False, -0.3550000000000004)
  k3s2w40 4,2,16,8,1 -> [58.1, 58.32, 57.98, 58.46] (False, -0.3500000000000014)
  k3s2w40 8,2,16,8,1 -> [58.11, 57.8, 58.53, 58.39] (False, 0.22500000000000142)
  k3s2w40 2,1,16,8,1 -> [58.64, 57.68, 58.22, 58.21] (False, 0.48499999999999943)
  k3s2w40 2,4,16,8,1 -> [58.08, 58.85, 58.12, 58.34] (False, -0.49500000000000455)
== k3s2w40: best 2,2,16,8,1 gain 0.87 ms
  k3s2w80 2,2,16,4,1 -> [58.52, 58.35, 58.64, 57.35] (False, 0.7300000000000004)
  k3s2w80 2,2,64,1,1 -> [57.91, 59.16, 58.62, 59.34] (False, -0.985000000000003)
  k3s2w80 2,2,16,8,1 -> [58.56, 57.98, 58.18, 57.61] (True, 0.5750000000000028)
  k3s2w80 2,2,8,8,1 -> [57.84, 57.31, 58.3, 58.12] (False, 0.3550000000000004)
  k3s2w80 2,2,16,4,0 -> [58.05, 59.94, 58.4, 59.61] (False, -1.5500000000000007)
  k3s2w80 2,2,8,8,0 -> [58.56, 57.76, 58.64, 58.03] (True, 0.7050000000000018)
  k3s2w80 1,2,8,8,0 -> [58.42, 56.66, 57.5, 56.67] (True, 1.2950000000000017)
  k3s2w80 4,2,8,8,0 -> [57.96, 59.21, 58.28, 59.26] (False, -1.1149999999999984)
  k3s2w80 8,2,8,8,0 -> [58.49, 59.81, 58.24, 60.22] (False, -1.6499999999999986)
  k3s2w80 1,1,8,8,0 -> [58.2, 59.16, 57.74, 60.16] (False, -1.6899999999999942)
  k3s2w80 1,4,8,8,0 -> [58.21, 64.72, 58.23, 63.83] (False, -6.055)
== k3s2w80: best 1,2,8,8,0 gain 1.30 ms
TABLE 3:1:16:16:20=4,2,32,2,1;3:2:64:64:40=2,2,16,8,1;3:2:64:64:80=1,2,8,8,0
