yolo26n 1 10 shapes {'w20': 4, 'w40': 2, 'w80': 3, 'w160': 1}
  w20 2,2,16,4 -> [49.22, 49.54, 49.13, 49.19] (False, -0.18999999999999773)
  w20 2,2,64,1 -> [49.68, 51.36, 49.62, 51.14] (False, -1.6000000000000014)
  w20 2,2,16,8 -> [49.07, 49.37, 49.86, 49.29] (False, 0.13500000000000156)
  w20 2,2,8,8 -> [49.98, 49.56, 49.34, 49.26] (False, 0.25)
  w20 2,2,8,16 -> [49.86, 49.26, 50.01, 48.7] (True, 0.9549999999999983)
  w20 2,2,128,1 -> [49.38, 50.91, 50.18, 50.72] (False, -1.0349999999999966)
  w20 2,2,32,4 -> [49.61, 49.47, 49.62, 48.86] (False, 0.4499999999999993)
  w20 1,2,8,16 -> [49.44, 50.02, 49.93, 49.4] (False, -0.02500000000000213)
  w20 4,2,8,16 -> [49.72, 49.68, 50.19, 49.84] (False, 0.19499999999999673)
  w20 8,2,8,16 -> [49.5, 49.94, 49.92, 49.79] (False, -0.15499999999999758)
  w20 2,1,8,16 -> [49.93, 49.76, 50.04, 49.85] (False, 0.17999999999999972)
  w20 2,4,8,16 -> [49.85, 50.18, 49.99, 49.11] (False, 0.27500000000000213)
  w20 2,8,8,16 -> [49.87, 51.43, 50.09, 51.26] (False, -1.3649999999999984)
== w20: best 2,2,8,16 gain 0.95 ms
  w40 2,2,16,4 -> [49.86, 49.38, 49.98, 49.75] (False, 0.3549999999999969)
  w40 2,2,64,1 -> [50.01, 50.56, 49.77, 50.7] (False, -0.740000000000002)
  w40 2,2,16,8 -> [50.06, 48.98, 49.7, 49.66] (False, 0.5600000000000058)
  w40 2,2,8,8 -> [49.9, 49.94, 49.62, 49.65] (False, -0.03500000000000014)
  w40 2,2,8,16 -> [49.83, 49.59, 49.48, 49.54] (False, 0.0899999999999963)
  w40 2,2,128,1 -> [49.44, 50.44, 49.41, 50.89] (False, -1.240000000000002)
  w40 2,2,32,4 -> [49.56, 49.43, 48.92, 49.79] (False, -0.36999999999999744)
  w40 1,2,32,2 -> [49.74, 48.92, 49.55, 49.73] (False, 0.3200000000000003)
  w40 4,2,32,2 -> [49.54, 50.43, 49.72, 50.87] (False, -1.0199999999999996)
  w40 8,2,32,2 -> [49.67, 50.92, 49.89, 51.24] (False, -1.3000000000000007)
  w40 2,1,32,2 -> [49.61, 49.52, 49.11, 49.24] (False, -0.020000000000003126)
  w40 2,4,32,2 -> [49.89, 50.12, 49.95, 49.93] (False, -0.10499999999999687)
  w40 2,8,32,2 -> [49.37, 50.71, 49.34, 51.03] (False, -1.5150000000000006)
== w40: best 2,2,32,2 gain 0.00 ms
  w80 2,2,16,4 -> [49.74, 49.18, 49.73, 49.56] (False, 0.36499999999999844)
  w80 2,2,64,1 -> [50.09, 50.14, 49.4, 49.78] (False, -0.21499999999999986)
  w80 2,2,16,8 -> [49.79, 49.32, 49.73, 49.66] (False, 0.2699999999999996)
  w80 2,2,8,8 -> [49.63, 49.76, 49.33, 49.95] (False, -0.375)
  w80 2,2,8,16 -> [49.72, 50.19, 49.61, 49.82] (False, -0.33999999999999986)
  w80 2,2,128,1 -> [49.86, 49.87, 49.63, 50.24] (False, -0.3099999999999987)
  w80 2,2,32,4 -> [49.13, 49.24, 49.62, 49.4] (False, 0.054999999999999716)
  w80 1,2,32,2 -> [49.59, 50.1, 49.7, 49.51] (False, -0.1599999999999966)
  w80 4,2,32,2 -> [49.71, 50.02, 49.77, 49.82] (False, -0.17999999999999972)
  w80 8,2,32,2 -> [49.04, 50.61, 49.48, 50.04] (False, -1.0650000000000013)
  w80 2,1,32,2 -> [49.19, 49.69, 49.76, 49.39] (False, -0.06500000000000128)
  w80 2,4,32,2 -> [49.86, 49.86, 49.43, 49.81] (False, -0.19000000000000128)
  w80 2,8,32,2 -> [49.35, 50.29, 49.16, 50.6] (False, -1.1900000000000013)
== w80: best 2,2,32,2 gain 0.00 ms
  w160 2,2,16,4 -> [49.94, 49.21, 49.65, 49.54] (False, 0.41999999999999815)
  w160 2,2,64,1 -> [49.4, 49.46, 50.09, 50.07] (False, -0.019999999999999574)
  w160 2,2,16,8 -> [49.38, 49.35, 49.66, 49.64] (False, 0.02499999999999858)
  w160 2,2,8,8 -> [49.8, 49.57, 49.88, 49.34] (False, 0.384999999999998)
  w160 2,2,8,16 -> [49.79, 49.73, 49.15, 49.95] (False, -0.370000000000001)
  w160 2,2,128,1 -> [50.08, 50.22, 48.76, 49.84] (False, -0.610000000000003)
  w160 2,2,32,4 -> [49.89, 48.97, 49.8, 49.26] (True, 0.7300000000000004)
  w160 1,2,32,4 -> [49.54, 49.36, 49.95, 49.97] (False, 0.08000000000000185)
  w160 4,2,32,4 -> [50.18, 49.95, 49.41, 49.86] (False, -0.11000000000000298)
  w160 8,2,32,4 -> [49.73, 49.79, 49.73, 50.04] (False, -0.18500000000000227)
  w160 2,1,32,4 -> [49.57, 50.11, 49.68, 49.06] (False, 0.03999999999999915)
  w160 2,4,32,4 -> [49.82, 49.57, 49.18, 49.98] (False, -0.2749999999999986)
  w160 2,8,32,4 -> [49.97, 50.6, 49.03, 50.65] (False, -1.125)
== w160: best 2,2,32,4 gain 0.73 ms
TABLE 128:128:20=2,2,8,16;256:256:20=2,2,8,16;384:256:20=2,2,8,16;512:256:20=2,2,8,16;48:64:160=2,2,32,4
