yolo11n 1 256 13 shapes, 7 classes: {'k3s1w80': 2, 'k3s1w160': 2, 'k3s1w40': 3, 'k3s2w20': 2, 'k3s2w40': 2, 'k3s2w160': 1, 'k3s2w80': 1}
  k3s1w80 2,2,16,4,1 -> [68.87, 69.28, 68.92, 69.33] (False, -0.4099999999999966)
  k3s1w80 2,2,64,1,1 -> [68.84, 68.8, 68.48, 69.04] (False, -0.259999999999998)
  k3s1w80 2,2,16,8,1 -> [68.58, 69.35, 69.08, 69.23] (False, -0.46000000000000085)
  k3s1w80 2,2,8,8,1 -> [67.69, 70.79, 69.2, 70.73] (False, -2.315000000000005)
  k3s1w80 2,2,16,4,0 -> [68.71, 73.37, 68.78, 73.2] (False, -4.540000000000006)
  k3s1w80 2,2,8,8,0 -> [69.39, 70.65, 68.98, 70.42] (False, -1.3500000000000014)
  k3s1w80 1,2,32,2,1 -> [68.89, 69.01, 69.17, 69.15] (False, -0.05000000000000426)
  k3s1w80 4,2,32,2,1 -> [69.34, 70.4, 68.69, 69.7] (False, -1.0350000000000037)
  k3s1w80 8,2,32,2,1 -> [68.8, 70.57, 68.1, 70.63] (False, -2.1499999999999986)
  k3s1w80 2,1,32,2,1 -> [69.04, 69.34, 68.61, 68.73] (False, -0.21000000000000085)
  k3s1w80 2,4,32,2,1 -> [68.74, 69.72, 68.71, 69.92] (False, -1.095000000000006)
== k3s1w80: best 2,2,32,2,1 gain 0.00 ms
  k3s1w160 2,2,16,4,1 -> [68.27, 70.2, 69.41, 69.73] (False, -1.125000000000007)
  k3s1w160 2,2,64,1,1 -> [69.79, 68.33, 69.0, 68.5] (True, 0.980000000000004)
  k3s1w160 2,2,16,8,1 -> [69.38, 69.67, 69.05, 70.15] (False, -0.6950000000000074)
  k3s1w160 2,2,8,8,1 -> [68.95, 71.6, 69.05, 71.54] (False, -2.5700000000000003)
  k3s1w160 2,2,16,4,0 -> [68.87, 75.19, 68.17, 74.35] (False, -6.249999999999993)
  k3s1w160 2,2,8,8,0 -> [69.07, 71.45, 68.79, 71.45] (False, -2.520000000000003)
  k3s1w160 1,2,64,1,1 -> [67.96, 69.43, 69.3, 68.94] (False, -0.5550000000000068)
  k3s1w160 4,2,64,1,1 -> [68.65, 69.18, 68.58, 68.85] (False, -0.3999999999999986)
  k3s1w160 8,2,64,1,1 -> [69.25, 69.9, 68.92, 70.1] (False, -0.9149999999999991)
  k3s1w160 2,1,64,1,1 -> [68.46, 69.07, 68.85, 69.38] (False, -0.5700000000000003)
  k3s1w160 2,4,64,1,1 -> [68.78, 69.39, 69.22, 69.41] (False, -0.3999999999999986)
== k3s1w160: best 2,2,64,1,1 gain 0.98 ms
  k3s1w40 2,2,16,4,1 -> [68.3, 68.91, 68.7, 68.81] (False, -0.35999999999999943)
  k3s1w40 2,2,64,1,1 -> [69.18, 69.01, 68.85, 69.18] (False, -0.0800000000000054)
  k3s1w40 2,2,16,8,1 -> [69.03, 68.35, 68.73, 68.48] (False, 0.4650000000000034)
  k3s1w40 2,2,8,8,1 -> [69.57, 69.37, 68.7, 70.18] (False, -0.6400000000000077)
  k3s1w40 2,2,16,4,0 -> [68.78, 71.62, 68.66, 72.29] (False, -3.2350000000000065)
  k3s1w40 2,2,8,8,0 -> [68.57, 69.38, 68.19, 69.82] (False, -1.2199999999999989)
  k3s1w40 1,2,32,2,1 -> [69.19, 69.31, 68.88, 69.48] (False, -0.36000000000000654)
  k3s1w40 4,2,32,2,1 -> [69.32, 70.28, 69.05, 70.65] (False, -1.2800000000000082)
  k3s1w40 8,2,32,2,1 -> [68.7, 71.62, 68.65, 70.81] (False, -2.539999999999999)
  k3s1w40 2,1,32,2,1 -> [68.89, 69.13, 68.78, 69.35] (False, -0.40499999999999403)
  k3s1w40 2,4,32,2,1 -> [69.57, 69.83, 68.49, 69.47] (False, -0.6200000000000045)
== k3s1w40: best 2,2,32,2,1 gain 0.00 ms
  k3s2w20 2,2,16,4,1 -> [69.48, 69.18, 68.87, 68.29] (False, 0.4399999999999977)
  k3s2w20 2,2,64,1,1 -> [69.45, 70.22, 69.01, 69.48] (False, -0.6199999999999974)
  k3s2w20 2,2,16,8,1 -> [69.21, 68.04, 68.92, 67.91] (True, 1.0899999999999963)
  k3s2w20 2,2,8,8,1 -> [69.17, 68.49, 68.96, 68.63] (True, 0.5050000000000026)
  k3s2w20 2,2,16,4,0 -> [68.97, 68.68, 68.51, 68.4] (False, 0.19999999999999574)
  k3s2w20 2,2,8,8,0 -> [68.67, 68.11, 68.57, 68.46] (False, 0.33500000000000085)
  k3s2w20 1,2,16,8,1 -> [68.94, 68.3, 69.11, 68.5] (True, 0.625)
  k3s2w20 4,2,16,8,1 -> [69.0, 69.24, 69.05, 69.28] (False, -0.23499999999999943)
  k3s2w20 8,2,16,8,1 -> [68.97, 69.24, 68.39, 69.31] (False, -0.5949999999999989)
  k3s2w20 2,1,16,8,1 -> [69.29, 68.25, 68.83, 68.45] (True, 0.7100000000000009)
  k3s2w20 2,4,16,8,1 -> [68.69, 68.2, 68.61, 68.56] (False, 0.269999999999996)
== k3s2w20: best 2,2,16,8,1 gain 1.09 ms
  k3s2w40 2,2,16,4,1 -> [69.04, 67.98, 69.2, 68.62] (True, 0.8200000000000003)
  k3s2w40 2,2,64,1,1 -> [67.9, 70.89, 68.29, 70.41] (False, -2.5549999999999926)
  k3s2w40 2,2,16,8,1 -> [69.4, 67.49, 68.97, 67.48] (True, 1.7000000000000028)
  k3s2w40 2,2,8,8,1 -> [68.69, 67.97, 69.1, 68.14] (True, 0.8399999999999963)
  k3s2w40 2,2,16,4,0 -> [68.6, 68.58, 68.8, 67.86] (False, 0.4799999999999969)
  k3s2w40 2,2,8,8,0 -> [69.06, 68.6, 68.87, 68.35] (True, 0.4900000000000091)
  k3s2w40 1,2,16,8,1 -> [68.74, 68.12, 68.86, 67.72] (True, 0.8799999999999955)
  k3s2w40 4,2,16,8,1 -> [69.01, 69.14, 68.57, 69.39] (False, -0.4750000000000014)
  k3s2w40 8,2,16,8,1 -> [68.59, 68.83, 69.06, 69.52] (False, -0.3499999999999943)
  k3s2w40 2,1,16,8,1 -> [69.07, 67.5, 68.87, 67.97] (True, 1.2349999999999994)
  k3s2w40 2,4,16,8,1 -> [69.3, 68.71, 68.86, 69.24] (False, 0.10500000000000398)
== k3s2w40: best 2,2,16,8,1 gain 1.70 ms
  k3s2w160 2,2,16,4,1 -> [69.47, 69.01, 67.99, 68.92] (False, -0.23500000000000654)
  k3s2w160 2,2,64,1,1 -> [68.45, 68.95, 68.05, 69.04] (False, -0.7450000000000045)
  k3s2w160 2,2,16,8,1 -> [68.66, 68.81, 69.0, 69.16] (False, -0.15500000000000114)
  k3s2w160 2,2,8,8,1 -> [69.1, 69.97, 69.53, 70.74] (False, -1.0399999999999991)
  k3s2w160 2,2,16,4,0 -> [69.45, 72.26, 69.33, 72.47] (False, -2.9750000000000014)
  k3s2w160 2,2,8,8,0 -> [68.7, 69.93, 68.79, 69.42] (False, -0.9299999999999997)
  k3s2w160 1,2,32,2,1 -> [68.84, 69.2, 69.05, 69.14] (False, -0.22500000000000142)
  k3s2w160 4,2,32,2,1 -> [68.39, 70.13, 68.32, 70.22] (False, -1.8200000000000003)
  k3s2w160 8,2,32,2,1 -> [68.69, 70.24, 68.95, 70.37] (False, -1.4849999999999994)
  k3s2w160 2,1,32,2,1 -> [69.39, 69.29, 69.06, 69.1] (False, 0.030000000000001137)
  k3s2w160 2,4,32,2,1 -> [69.0, 68.98, 69.08, 69.21] (False, -0.054999999999999716)
== k3s2w160: best 2,2,32,2,1 gain 0.00 ms
  k3s2w80 2,2,16,4,1 -> [67.89, 68.38, 68.86, 68.96] (False, -0.2949999999999946)
  k3s2w80 2,2,64,1,1 -> [69.13, 69.41, 69.54, 70.16] (False, -0.44999999999999574)
  k3s2w80 2,2,16,8,1 -> [69.1, 67.85, 69.07, 67.94] (True, 1.1899999999999977)
  k3s2w80 2,2,8,8,1 -> [68.47, 68.55, 69.41, 68.94] (False, 0.19500000000000028)
  k3s2w80 2,2,16,4,0 -> [68.17, 70.78, 69.07, 70.89] (False, -2.2150000000000034)
  k3s2w80 2,2,8,8,0 -> [68.79, 69.37, 68.77, 68.18] (False, 0.0049999999999954525)
  k3s2w80 1,2,16,8,1 -> [69.54, 68.44, 68.62, 68.92] (False, 0.4000000000000057)
  k3s2w80 4,2,16,8,1 -> [68.97, 69.65, 68.38, 69.08] (False, -0.6900000000000048)
  k3s2w80 8,2,16,8,1 -> [69.49, 70.02, 69.11, 70.08] (False, -0.75)
  k3s2w80 2,1,16,8,1 -> [69.11, 68.19, 68.41, 68.19] (False, 0.5700000000000003)
  k3s2w80 2,4,16,8,1 -> [68.84, 69.38, 68.93, 68.96] (False, -0.2849999999999895)
== k3s2w80: best 2,2,16,8,1 gain 1.19 ms
TABLE 3:1:16:8:160=2,2,64,1,1;3:1:8:16:160=2,2,64,1,1;3:2:128:128:20=2,2,16,8,1;3:2:128:256:20=2,2,16,8,1;3:2:128:128:40=2,2,16,8,1;3:2:64:64:40=2,2,16,8,1;3:2:64:64:80=2,2,16,8,1
