yolo11n 1 9 shapes {'w20': 4, 'w40': 2, 'w160': 1, 'w80': 2}
  w20 2,2,16,4 -> [61.67, 62.05, 61.98, 62.03] (False, -0.21499999999999986)
  w20 2,2,64,1 -> [62.17, 63.33, 62.06, 63.92] (False, -1.509999999999998)
  w20 2,2,16,8 -> [59.9, 62.27, 61.94, 58.44] (False, 0.5649999999999977)
  w20 2,2,8,8 -> [61.15, 58.84, 58.9, 61.37] (False, -0.08000000000000185)
  w20 2,2,8,16 -> [62.11, 61.55, 61.12, 61.85] (False, -0.08500000000000085)
  w20 2,2,128,1 -> [61.99, 62.59, 62.63, 63.13] (False, -0.5500000000000007)
  w20 2,2,32,4 -> [67.64, 61.59, 62.17, 61.65] (True, 3.285)
  w20 1,2,32,4 -> [62.53, 62.16, 61.79, 61.7] (False, 0.23000000000000043)
  w20 4,2,32,4 -> [62.04, 61.09, 62.18, 61.42] (True, 0.8549999999999969)
  w20 8,2,32,4 -> [62.0, 62.53, 61.61, 62.74] (False, -0.8300000000000018)
  w20 2,1,32,4 -> [62.21, 61.65, 62.12, 62.16] (False, 0.26000000000000156)
  w20 2,4,32,4 -> [62.34, 61.1, 60.99, 61.48] (False, 0.37500000000000355)
  w20 2,8,32,4 -> [62.05, 62.52, 62.44, 62.16] (False, -0.09500000000000242)
== w20: best 2,2,32,4 gain 3.29 ms
  w40 2,2,16,4 -> [61.86, 60.69, 61.53, 61.11] (True, 0.7950000000000017)
  w40 2,2,64,1 -> [61.39, 62.35, 61.63, 62.4] (False, -0.8649999999999984)
  w40 2,2,16,8 -> [62.43, 61.65, 61.58, 61.69] (False, 0.33500000000000085)
  w40 2,2,8,8 -> [61.95, 60.84, 61.71, 61.87] (False, 0.4750000000000014)
  w40 2,2,8,16 -> [61.38, 62.13, 62.12, 62.04] (False, -0.33500000000000085)
  w40 2,2,128,1 -> [62.01, 63.66, 61.44, 62.48] (False, -1.3449999999999989)
  w40 2,2,32,4 -> [61.64, 61.0, 61.64, 62.03] (False, 0.125)
  w40 1,2,16,4 -> [62.67, 62.3, 61.9, 61.86] (False, 0.20500000000000185)
  w40 4,2,16,4 -> [61.03, 61.87, 62.22, 62.32] (False, -0.46999999999999886)
  w40 8,2,16,4 -> [61.81, 62.63, 61.56, 62.61] (False, -0.9349999999999987)
  w40 2,1,16,4 -> [66.73, 62.25, 61.32, 61.99] (False, 1.9050000000000011)
  w40 2,4,16,4 -> [62.34, 62.63, 62.2, 62.46] (False, -0.2749999999999986)
  w40 2,8,16,4 -> [61.06, 63.19, 61.65, 62.88] (False, -1.6799999999999997)
== w40: best 2,2,16,4 gain 0.80 ms
  w160 2,2,16,4 -> [61.27, 61.63, 62.05, 60.8] (False, 0.4450000000000003)
  w160 2,2,64,1 -> [62.14, 62.17, 61.58, 61.56] (False, -0.005000000000002558)
  w160 2,2,16,8 -> [61.79, 61.32, 61.66, 61.0] (True, 0.5649999999999977)
  w160 2,2,8,8 -> [61.64, 61.72, 61.7, 62.19] (False, -0.2849999999999966)
  w160 2,2,8,16 -> [61.95, 62.07, 60.91, 61.66] (False, -0.4349999999999987)
  w160 2,2,128,1 -> [61.76, 60.87, 61.76, 60.33] (True, 1.1600000000000001)
  w160 2,2,32,4 -> [61.58, 61.33, 61.15, 60.92] (False, 0.23999999999999844)
  w160 1,2,128,1 -> [61.56, 61.84, 61.36, 61.91] (False, -0.41499999999999915)
  w160 4,2,128,1 -> [61.64, 61.83, 61.22, 62.29] (False, -0.629999999999999)
  w160 8,2,128,1 -> [61.33, 61.96, 61.41, 61.72] (False, -0.4700000000000024)
  w160 2,1,128,1 -> [61.44, 62.0, 61.35, 61.25] (False, -0.23000000000000043)
  w160 2,4,128,1 -> [61.4, 61.73, 61.44, 60.9] (False, 0.10500000000000043)
  w160 2,8,128,1 -> [60.95, 60.48, 60.96, 61.72] (False, -0.14499999999999602)
== w160: best 2,2,128,1 gain 1.16 ms
  w80 2,2,16,4 -> [61.48, 61.63, 61.51, 61.43] (False, -0.035000000000003695)
  w80 2,2,64,1 -> [61.48, 61.76, 61.55, 61.98] (False, -0.3550000000000004)
  w80 2,2,16,8 -> [60.26, 61.19, 61.25, 60.33] (False, -0.004999999999999005)
  w80 2,2,8,8 -> [61.24, 61.46, 60.7, 61.3] (False, -0.4099999999999966)
  w80 2,2,8,16 -> [60.78, 60.81, 61.62, 60.25] (False, 0.6699999999999982)
  w80 2,2,128,1 -> [60.1, 62.76, 61.31, 61.45] (False, -1.3999999999999986)
  w80 2,2,32,4 -> [59.9, 61.06, 61.08, 61.28] (False, -0.6800000000000033)
  w80 1,2,32,2 -> [61.64, 61.32, 61.25, 61.03] (False, 0.2699999999999996)
  w80 4,2,32,2 -> [61.47, 61.52, 61.1, 61.2] (False, -0.07500000000000284)
  w80 8,2,32,2 -> [61.12, 61.99, 60.45, 62.05] (False, -1.2349999999999994)
  w80 2,1,32,2 -> [61.51, 61.54, 61.55, 61.16] (False, 0.17999999999999972)
  w80 2,4,32,2 -> [60.0, 61.61, 60.96, 61.23] (False, -0.9399999999999977)
  w80 2,8,32,2 -> [61.35, 62.34, 60.45, 61.57] (False, -1.0549999999999997)
== w80: best 2,2,32,2 gain 0.00 ms
TABLE 128:128:20=2,2,32,4;256:256:20=2,2,32,4;384:256:20=2,2,32,4;512:256:20=2,2,32,4;192:128:40=2,2,16,4;64:64:40=2,2,16,4;48:64:160=2,2,128,1
