yolo11n 1 64 10 shapes, 6 classes: {'k3s1w80': 2, 'k3s1w160': 2, 'k3s1w40': 3, 'k3s2w160': 1, 'k3s2w40': 1, 'k3s2w80': 1}
  k3s1w80 2,2,16,4,1 -> [69.05, 69.47, 68.87, 70.12] (False, -0.8350000000000009)
  k3s1w80 2,2,64,1,1 -> [69.0, 69.06, 68.7, 69.65] (False, -0.5050000000000026)
  k3s1w80 2,2,16,8,1 -> [69.24, 69.34, 69.12, 69.78] (False, -0.38000000000000256)
  k3s1w80 2,2,8,8,1 -> [69.23, 71.38, 68.79, 70.25] (False, -1.8049999999999926)
  k3s1w80 2,2,16,4,0 -> [68.88, 74.11, 69.1, 73.72] (False, -4.925000000000004)
  k3s1w80 2,2,8,8,0 -> [68.79, 70.96, 69.18, 71.09] (False, -2.039999999999992)
  k3s1w80 1,2,32,2,1 -> [68.96, 69.54, 69.15, 69.71] (False, -0.5700000000000003)
  k3s1w80 4,2,32,2,1 -> [68.27, 70.28, 69.22, 69.72] (False, -1.2550000000000026)
  k3s1w80 8,2,32,2,1 -> [68.6, 70.98, 68.81, 71.1] (False, -2.335000000000001)
  k3s1w80 2,1,32,2,1 -> [69.08, 69.26, 69.28, 69.5] (False, -0.20000000000000284)
  k3s1w80 2,4,32,2,1 -> [68.91, 70.87, 69.57, 70.1] (False, -1.2450000000000045)
== k3s1w80: best 2,2,32,2,1 gain 0.00 ms
  k3s1w160 2,2,16,4,1 -> [69.16, 69.34, 69.15, 69.64] (False, -0.33500000000000085)
  k3s1w160 2,2,64,1,1 -> [69.27, 69.37, 69.02, 69.05] (False, -0.06500000000000483)
  k3s1w160 2,2,16,8,1 -> [69.26, 69.75, 69.18, 70.23] (False, -0.769999999999996)
  k3s1w160 2,2,8,8,1 -> [69.55, 71.6, 68.77, 71.82] (False, -2.549999999999997)
  k3s1w160 2,2,16,4,0 -> [69.49, 74.79, 68.8, 74.02] (False, -5.260000000000005)
  k3s1w160 2,2,8,8,0 -> [68.94, 71.83, 69.6, 71.87] (False, -2.5800000000000054)
  k3s1w160 1,2,32,2,1 -> [69.17, 69.67, 68.67, 68.86] (False, -0.34499999999999886)
  k3s1w160 4,2,32,2,1 -> [69.45, 70.0, 68.23, 70.18] (False, -1.25)
  k3s1w160 8,2,32,2,1 -> [69.39, 70.5, 68.66, 70.18] (False, -1.3150000000000048)
  k3s1w160 2,1,32,2,1 -> [69.09, 68.94, 69.27, 69.22] (False, 0.10000000000000142)
  k3s1w160 2,4,32,2,1 -> [69.04, 69.83, 69.16, 70.92] (False, -1.2749999999999986)
== k3s1w160: best 2,2,32,2,1 gain 0.00 ms
  k3s1w40 2,2,16,4,1 -> [69.25, 68.98, 69.12, 68.82] (False, 0.2850000000000037)
  k3s1w40 2,2,64,1,1 -> [69.51, 69.14, 68.69, 69.58] (False, -0.259999999999998)
  k3s1w40 2,2,16,8,1 -> [69.15, 69.05, 67.85, 68.8] (False, -0.42499999999999716)
  k3s1w40 2,2,8,8,1 -> [69.17, 69.29, 68.91, 70.09] (False, -0.6500000000000057)
  k3s1w40 2,2,16,4,0 -> [68.9, 72.57, 69.19, 72.4] (False, -3.4399999999999977)
  k3s1w40 2,2,8,8,0 -> [68.31, 68.84, 67.96, 69.78] (False, -1.1750000000000043)
  k3s1w40 1,2,32,2,1 -> [68.93, 69.72, 68.53, 69.6] (False, -0.9299999999999926)
  k3s1w40 4,2,32,2,1 -> [69.25, 71.06, 69.27, 71.09] (False, -1.8150000000000048)
  k3s1w40 8,2,32,2,1 -> [69.37, 71.45, 68.61, 71.26] (False, -2.365000000000002)
  k3s1w40 2,1,32,2,1 -> [69.14, 68.98, 68.64, 69.67] (False, -0.4350000000000023)
  k3s1w40 2,4,32,2,1 -> [67.8, 69.04, 69.82, 69.91] (False, -0.6650000000000063)
== k3s1w40: best 2,2,32,2,1 gain 0.00 ms
  k3s2w160 2,2,16,4,1 -> [68.86, 69.27, 69.63, 69.29] (False, -0.035000000000003695)
  k3s2w160 2,2,64,1,1 -> [69.45, 68.43, 67.49, 69.49] (False, -0.490000000000002)
  k3s2w160 2,2,16,8,1 -> [68.47, 69.39, 68.92, 69.41] (False, -0.7049999999999983)
  k3s2w160 2,2,8,8,1 -> [69.15, 70.24, 69.67, 70.06] (False, -0.7399999999999949)
  k3s2w160 2,2,16,4,0 -> [69.99, 72.81, 69.39, 72.53] (False, -2.980000000000004)
  k3s2w160 2,2,8,8,0 -> [69.22, 70.26, 68.75, 70.19] (False, -1.240000000000002)
  k3s2w160 1,2,32,2,1 -> [69.15, 70.02, 69.32, 69.87] (False, -0.7100000000000009)
  k3s2w160 4,2,32,2,1 -> [69.64, 70.08, 68.67, 70.1] (False, -0.9349999999999952)
  k3s2w160 8,2,32,2,1 -> [68.69, 70.8, 69.3, 69.63] (False, -1.2199999999999989)
  k3s2w160 2,1,32,2,1 -> [69.17, 69.57, 68.68, 68.38] (False, -0.04999999999999005)
  k3s2w160 2,4,32,2,1 -> [69.55, 69.56, 69.44, 69.85] (False, -0.21000000000000085)
== k3s2w160: best 2,2,32,2,1 gain 0.00 ms
  k3s2w40 2,2,16,4,1 -> [69.12, 68.45, 68.27, 68.73] (False, 0.10499999999999687)
  k3s2w40 2,2,64,1,1 -> [69.0, 68.0, 68.5, 69.43] (False, 0.03499999999999659)
  k3s2w40 2,2,16,8,1 -> [69.12, 68.09, 68.76, 68.07] (True, 0.8600000000000065)
  k3s2w40 2,2,8,8,1 -> [69.46, 68.7, 69.16, 69.06] (False, 0.4299999999999926)
  k3s2w40 2,2,16,4,0 -> [68.16, 69.45, 68.14, 69.05] (False, -1.1000000000000014)
  k3s2w40 2,2,8,8,0 -> [68.73, 68.33, 67.83, 68.33] (False, -0.04999999999999716)
  k3s2w40 1,2,16,8,1 -> [68.25, 67.76, 68.03, 68.47] (False, 0.02499999999999858)
  k3s2w40 4,2,16,8,1 -> [65.52, 68.52, 68.78, 68.11] (False, -1.1649999999999991)
  k3s2w40 8,2,16,8,1 -> [68.14, 68.65, 68.84, 68.35] (False, -0.00999999999999801)
  k3s2w40 2,1,16,8,1 -> [68.5, 68.36, 68.35, 67.78] (False, 0.3549999999999969)
  k3s2w40 2,4,16,8,1 -> [67.98, 68.43, 68.51, 68.32] (False, -0.12999999999999545)
== k3s2w40: best 2,2,16,8,1 gain 0.86 ms
  k3s2w80 2,2,16,4,1 -> [68.41, 68.22, 68.44, 68.64] (False, -0.005000000000002558)
  k3s2w80 2,2,64,1,1 -> [68.45, 69.55, 68.68, 69.07] (False, -0.7449999999999903)
  k3s2w80 2,2,16,8,1 -> [68.12, 67.54, 68.03, 68.28] (False, 0.16499999999999915)
  k3s2w80 2,2,8,8,1 -> [68.22, 68.14, 68.29, 68.28] (False, 0.045000000000001705)
  k3s2w80 2,2,16,4,0 -> [67.74, 69.11, 68.25, 70.47] (False, -1.7950000000000017)
  k3s2w80 2,2,8,8,0 -> [68.8, 68.63, 68.55, 68.33] (False, 0.19500000000000028)
  k3s2w80 1,2,32,2,1 -> [68.56, 69.33, 68.45, 68.94] (False, -0.6299999999999955)
  k3s2w80 4,2,32,2,1 -> [68.1, 70.69, 68.61, 71.41] (False, -2.6950000000000003)
  k3s2w80 8,2,32,2,1 -> [68.24, 70.24, 68.35, 70.25] (False, -1.9500000000000028)
  k3s2w80 2,1,32,2,1 -> [68.31, 69.33, 68.89, 69.29] (False, -0.7100000000000009)
  k3s2w80 2,4,32,2,1 -> [68.34, 68.97, 68.7, 69.07] (False, -0.4999999999999929)
== k3s2w80: best 2,2,32,2,1 gain 0.00 ms
TABLE 3:2:64:64:40=2,2,16,8,1
